63
117 149
132 217
50 285
172 267
49 398
225 311
201 480
288 345
262 480
358 357
345 480
434 355
426 480
507 332
564 480
573 288
748 480
620 230
747 349
648 159
746 294
649 78
746 77
117 71
49 150
48 70
134 479
49 480
495 479
530 479
629 479
849 483
953 439
955 483
1002 363
1002 486
1042 321
1047 485
1101 280
1103 489
1159 263
1161 495
1219 259
1214 494
1292 260
1295 494
1369 273
1373 495
1435 297
1442 498
1497 334
1501 502
1547 372
1545 503
1593 419
1598 510
1631 483
1626 513
1710 517
1796 413
1803 517
771 481
771 351
44
0 4 0 1 2 0
0 4 1 3 4 1
0 4 3 5 6 3
0 4 5 7 8 5
0 4 7 9 10 7
0 4 9 11 12 9
0 4 11 13 14 11
0 4 13 15 16 13
0 4 15 17 18 15
0 4 17 19 20 17
0 4 19 21 22 19
0 4 23 0 24 23
0 4 25 23 24 25
0 4 24 0 2 24
0 4 1 4 2 1
0 5 3 26 27 4 3
0 4 3 6 26 3
0 4 5 8 6 5
0 4 7 10 8 7
0 4 9 12 10 9
0 4 11 28 12 11
0 4 11 14 29 11
0 4 11 29 28 11
0 4 13 30 14 13
0 4 13 16 30 13
0 4 15 18 16 15
0 4 17 20 18 17
0 4 22 20 19 22
0 4 31 32 33 31
0 4 32 34 35 32
0 4 34 36 37 34
0 4 36 38 39 36
0 4 38 40 41 38
0 4 40 42 43 40
0 4 42 44 45 42
0 4 44 46 47 44
0 4 46 48 49 46
0 4 48 50 51 48
0 4 50 52 53 50
0 4 52 54 55 52
0 4 54 56 57 54
0 4 56 58 57 56
0 4 58 59 60 58
0 4 31 61 62 31
