99
120 120
130 200
-270 190
170 270
-270 340
220 320
180 540
280 350
250 540
360 360
320 540
440 360
400 540
520 340
560 540
580 290
750 540
620 230
750 350
650 150
750 290
650 110
750 110
120 -180
-270 110
-270 -180
100 540
-270 540
470 540
520 540
630 540
847 517
953 439
953 516
1002 363
1004 516
1042 321
1046 516
1101 280
1105 516
1159 263
1160 516
1219 259
1219 516
1292 260
1297 515
1369 273
1378 516
1435 297
1443 516
1497 334
1494 517
1547 372
1543 518
1593 419
1600 517
1631 483
1626 516
1710 517
1796 413
1803 517
776 517
771 351
324 760
400 759
403 900
305 900
484 760
501 900
10 760
110 759
110 900
10 900
650 760
750 760
750 900
650 900
190 760
190 900
850 864
1135 925
849 924
1260 904
1258 926
1384 927
1497 904
1500 923
1595 920
1696 883
1697 919
1814 923
1927 862
2021 923
2159 821
2268 926
2416 770
2568 923
2842 861
2841 909
73
0 4 0 1 2 0
0 4 1 3 4 1
0 4 3 5 6 3
0 4 5 7 8 5
0 4 7 9 10 7
0 4 9 11 12 9
0 4 11 13 14 11
0 4 13 15 16 13
0 4 15 17 18 15
0 4 17 19 20 17
0 4 19 21 22 19
0 4 23 0 24 23
0 4 25 23 24 25
0 4 24 0 2 24
0 4 1 4 2 1
0 5 3 26 27 4 3
0 4 3 6 26 3
0 4 5 8 6 5
0 4 7 10 8 7
0 4 9 12 10 9
0 4 11 28 12 11
0 4 11 14 29 11
0 4 11 29 28 11
0 4 13 30 14 13
0 4 13 16 30 13
0 4 15 18 16 15
0 4 17 20 18 17
0 4 22 20 19 22
0 4 31 32 33 31
0 4 32 34 35 32
0 4 34 36 37 34
0 4 36 38 39 36
0 4 38 40 41 38
0 4 40 42 43 40
0 4 42 44 45 42
0 4 44 46 47 44
0 4 46 48 49 46
0 4 48 50 51 48
0 4 50 52 53 50
0 4 52 54 55 52
0 4 54 56 57 54
0 4 56 58 57 56
0 4 58 59 60 58
0 4 31 61 62 31
0 4 32 35 33 32
0 4 34 37 35 34
0 4 36 39 37 36
0 4 38 41 39 38
0 4 40 43 41 40
0 4 42 45 43 42
0 4 44 47 45 44
0 4 46 49 47 46
0 4 48 51 49 48
0 4 50 53 51 50
0 4 52 55 53 52
0 4 54 57 55 54
0 5 63 64 65 66 63
0 5 64 67 68 65 64
0 5 69 70 71 72 69
0 5 73 74 75 76 73
0 5 73 73 73 73 73
0 5 70 77 78 71 70
0 4 79 80 81 79
0 4 80 82 83 80
0 4 82 84 83 82
0 4 84 85 86 84
0 4 85 87 86 85
0 4 87 88 89 87
0 4 88 90 89 88
0 4 90 91 92 90
0 4 92 93 94 92
0 4 94 95 96 94
0 4 96 97 98 96
